
	
   29348639
  	
   35294122
  	
   51451953
  	
   64709920
  	
   80677193
  

   杭州二航建设有限公司
  	
   95.38
  	
   95.38
  	
   95.38
  	
   95.38
  	
   95.38
  

   杭州恒泽建设有限公司
  	
   93.17
  	
   93.17
  	
   93.17
  	
   93.17
  	
   93.17
  

   杭州华恒建设工程有限公司
  	
   96.77
  	
   96.77
  	
   96.77
  	
   96.77
  	
   96.77
  

   杭州际豪建设有限公司
  	
   94.82
  	
   94.82
  	
   94.82
  	
   94.82
  	
   94.82
  

   杭州君辉建设有限公司
  	
   96.48
  	
   96.48
  	
   96.48
  	
   96.48
  	
   96.48
  

   杭州临安广禾建设工程有限公司
  	
   93.21
  	
   93.21
  	
   93.21
  	
   93.21
  	
   93.21
  

   杭州临安宏业建设工程有限公司
  	
   95.39
  	
   95.39
  	
   95.39
  	
   95.39
  	
   95.39
  

   杭州兴鸿建设有限公司
  	
   94.54
  	
   94.54
  	
   94.54
  	
   94.54
  	
   94.54
  

   深圳市中深装建设集团有限公司
  	
   96.23
  	
   96.23
  	
   96.23
  	
   96.23
  	
   96.23
  

   浙江今隆建设有限公司
  	
   94.87
  	
   94.87
  	
   94.87
  	
   94.87
  	
   94.87
  

   浙江临安宏阳建设有限公司
  	
   96.17
  	
   96.17
  	
   96.17
  	
   96.17
  	
   96.17
  

   浙江三石建设有限公司
  	
   94.23
  	
   94.23
  	
   94.23
  	
   94.23
  	
   94.23
  

   浙江鹰翊建设有限公司
  	
   92.58
  	
   92.58
  	
   92.58
  	
   92.58
  	
   92.58
  

   浙江盈风建设有限公司
  	
   92.87
  	
   92.87
  	
   92.87
  	
   92.87
  	
   92.87
  

   浙江中展建设有限公司
  	
   93.19
  	
   93.19
  	
   93.19
  	
   93.19
  	
   93.19
  
