

    单位名称
   
	

    最终得分
   
	

    技术标评委1
   
	

    技术标评委2
   
	

    技术标评委3
   
	

    技术标评委4
   
	

    技术标评委5
   


   山东省地矿工程勘察院
  	
   89.35
  	
   0
  	
   0
  	
   0
  	
   0
  	
   0
  

   山东省城乡建设勘察设计研究院
  	
   88.58
  	
   0
  	
   0
  	
   0
  	
   0
  	
   0
  

   北京城建勘测设计研究院有限责任公司
  	
   90.63
  	
   0
  	
   0
  	
   0
  	
   0
  	
   0
  

   山东省鲁南地质工程勘察院
  	
   69.29
  	
   0
  	
   0
  	
   0
  	
   0
  	
   0
  

   山东省交通规划设计院
  	
   88.79
  	
   0
  	
   0
  	
   0
  	
   0
  	
   0
  

   济南市勘察测绘研究院
  	
   89.58
  	
   0
  	
   0
  	
   0
  	
   0
  	
   0
  

   山东正元建设工程有限责任公司
  	
   92.78
  	
   0
  	
   0
  	
   0
  	
   0
  	
   0
  

   中国有色金属工业西安勘察设计研究院
  	
   83.95
  	
   0
  	
   0
  	
   0
  	
   0
  	
   0
  

   山东电力工程咨询院有限公司
  	
   80.86
  	
   0
  	
   0
  	
   0
  	
   0
  	
   0
  
