

    单位名称
   
	

    最终得分
   
	

    技术标总得分
   
	

    商务标总得分
   
	

    技术标评委1
   
	

    技术标评委2
   
	

    技术标评委3
   
	

    技术标评委4
   
	

    技术标评委5
   


   山东省地矿工程勘察院
  	
   87.08
  	
   60.62
  	
   26.46
  	
   60.9
  	
   60.6
  	
   60.6
  	
   60.6
  	
   60.4
  

   山东省城乡建设勘察设计研究院
  	
   90.10
  	
   60.4
  	
   29.7
  	
   60.8
  	
   60.3
  	
   60.3
  	
   60.3
  	
   60.3
  

   北京城建勘测设计研究院有限责任公司
  	
   89.77
  	
   59.9
  	
   29.87
  	
   60.3
  	
   59.8
  	
   59.8
  	
   59.8
  	
   59.8
  

   山东省鲁南地质工程勘察院
  	
   71.67
  	
   48.1
  	
   23.57
  	
   48.5
  	
   48
  	
   48.0
  	
   48
  	
   48
  

   山东省交通规划设计院
  	
   87.42
  	
   58.68
  	
   28.74
  	
   59.1
  	
   58.5
  	
   58.6
  	
   58.6
  	
   58.6
  

   济南市勘察测绘研究院
  	
   92.34
  	
   63.42
  	
   28.92
  	
   63.8
  	
   63.3
  	
   63.3
  	
   63.3
  	
   63.4
  

   山东正元建设工程有限责任公司
  	
   90.45
  	
   60.7
  	
   29.75
  	
   61.1
  	
   60.6
  	
   60.6
  	
   60.6
  	
   60.6
  

   山东电力工程咨询院有限公司
  	
   80.55
  	
   58.3
  	
   22.25
  	
   58.7
  	
   58.2
  	
   58.2
  	
   58.2
  	
   58.2
  
